=== Episode: 10x10_U_DOWN ===
Start: (7, 5) | Goal: (3, 7)
Step  | Robot      | Action     | Mode  | Reward  | Total   | Dyn Obs Positions
------------------------------------------------------------------------------------------
1     | (7, 6)     | (0, 1)     | Q     | 59      | 59      | (8, 4), (7, 4)
2     | (7, 7)     | (0, 1)     | Q     | 9       | 68      | (8, 4), (8, 3)
3     | (6, 7)     | (-1, 0)    | A*    | 59      | 127     | (7, 4), (7, 2)
4     | (5, 7)     | (-1, 0)    | A*    | 9       | 136     | (7, 4), (7, 1)
5     | (4, 7)     | (-1, 0)    | A*    | 9       | 145     | (8, 4), (6, 2)
6     | (3, 7)     | (-1, 0)    | A*    | 500     | 645     | (8, 4), (7, 3)
------------------------------------------------------------------------------------------
Final Status: SUCCESS
