=== Episode: 30x30_NO_U_DOWN ===
Start: (27, 13) | Goal: (1, 8)
Step  | Robot      | Action     | Mode  | Reward  | Total   | Dyn Obs Positions
------------------------------------------------------------------------------------------
1     | (27, 12)   | (0, -1)    | A*    | 59      | 59      | (28, 10), (20, 1), (18, 17), (5, 26), (16, 24), (4, 5), (6, 18), (26, 28), (2, 3), (3, 20), (7, 10), (28, 24)
2     | (27, 13)   | (0, 1)     | Q     | -11     | 48      | (28, 11), (21, 1), (19, 17), (6, 26), (15, 25), (5, 5), (6, 19), (27, 28), (3, 3), (4, 20), (7, 11), (28, 25)
3     | (28, 13)   | (1, 0)     | Q     | -11     | 37      | (28, 11), (22, 1), (20, 17), (7, 26), (15, 24), (6, 5), (6, 19), (28, 28), (4, 3), (5, 20), (7, 12), (28, 26)
4     | (29, 13)   | (1, 0)     | Q     | -100    | -63     | (28, 11), (23, 1), (21, 17), (8, 26), (16, 25), (7, 5), (6, 18), (28, 28), (5, 3), (5, 20), (7, 13), (28, 27)
------------------------------------------------------------------------------------------
Final Status: FAILURE
