=== Episode: 10x10_basit_ep0 (D3QN) ===
Start: (8, 3) | Goal: (1, 7)
Step  | Robot      | Action     | Mode    | Reward  | Total   | Dyn Obs Positions
-----------------------------------------------------------------------------------------------
1     | (7, 2)     | (-1, -1)   | D3QN    | 3.59    | 3.59    | (7, 3), (7, 7)
2     | (6, 3)     | (-1, 1)    | D3QN    | 27.28   | 30.87   | (8, 3), (8, 7)
3     | (5, 4)     | (-1, 1)    | D3QN    | 77.28   | 108.16  | (8, 3), (8, 7)
4     | (4, 5)     | (-1, 1)    | A*      | 26.89   | 135.05  | (7, 3), (7, 7)
5     | (3, 6)     | (-1, 1)    | A*      | 26.39   | 161.44  | (6, 3), (6, 7)
6     | (2, 7)     | (-1, 1)    | A*      | 23.72   | 185.16  | (5, 3), (5, 7)
7     | (1, 7)     | (-1, 0)    | A*      | 500.00  | 685.16  | (4, 3), (4, 7)
-----------------------------------------------------------------------------------------------
Final Status: SUCCESS
