=== Episode: 10x10_karmasik_ep0 (D3QN) ===
Start: (5, 3) | Goal: (1, 3)
Step  | Robot      | Action     | Mode    | Reward  | Total   | Dyn Obs Positions
-----------------------------------------------------------------------------------------------
1     | (5, 2)     | (0, -1)    | D3QN    | 57.28   | 57.28   | (4, 4), (5, 6)
2     | (4, 2)     | (-1, 0)    | A*      | 18.22   | 75.50   | (4, 4), (5, 6)
3     | (3, 3)     | (-1, 1)    | A*      | 22.25   | 97.75   | (3, 4), (5, 5)
4     | (4, 2)     | (1, -1)    | D3QN    | -24.25  | 73.50   | (2, 4), (5, 5)
5     | (3, 3)     | (-1, 1)    | A*      | 22.25   | 95.75   | (1, 4), (5, 6)
6     | (4, 2)     | (1, -1)    | D3QN    | -24.25  | 71.50   | (1, 4), (5, 6)
7     | (3, 3)     | (-1, 1)    | A*      | 22.25   | 93.75   | (2, 4), (5, 5)
8     | (4, 2)     | (1, -1)    | D3QN    | -24.25  | 69.50   | (3, 4), (5, 5)
9     | (3, 3)     | (-1, 1)    | A*      | 22.25   | 91.75   | (4, 4), (5, 6)
10    | (4, 2)     | (1, -1)    | D3QN    | -24.25  | 67.50   | (4, 4), (5, 6)
11    | (3, 3)     | (-1, 1)    | A*      | 22.25   | 89.75   | (3, 4), (5, 5)
12    | (4, 2)     | (1, -1)    | D3QN    | -24.25  | 65.50   | (2, 4), (5, 5)
13    | (3, 3)     | (-1, 1)    | A*      | 22.25   | 87.75   | (1, 4), (5, 6)
14    | (4, 2)     | (1, -1)    | D3QN    | -24.25  | 63.50   | (1, 4), (5, 6)
15    | (3, 3)     | (-1, 1)    | A*      | 22.25   | 85.75   | (2, 4), (5, 5)
16    | (4, 2)     | (1, -1)    | D3QN    | -24.25  | 61.50   | (3, 4), (5, 5)
17    | (3, 3)     | (-1, 1)    | A*      | 22.25   | 83.75   | (4, 4), (5, 6)
18    | (4, 2)     | (1, -1)    | D3QN    | -24.25  | 59.50   | (4, 4), (5, 6)
19    | (3, 3)     | (-1, 1)    | A*      | 22.25   | 81.75   | (3, 4), (5, 5)
20    | (4, 2)     | (1, -1)    | D3QN    | -24.25  | 57.50   | (2, 4), (5, 5)
21    | (3, 3)     | (-1, 1)    | A*      | 22.25   | 79.75   | (1, 4), (5, 6)
22    | (4, 2)     | (1, -1)    | D3QN    | -24.25  | 55.50   | (1, 4), (5, 6)
23    | (3, 3)     | (-1, 1)    | A*      | 22.25   | 77.75   | (2, 4), (5, 5)
24    | (4, 2)     | (1, -1)    | D3QN    | -24.25  | 53.50   | (3, 4), (5, 5)
25    | (3, 3)     | (-1, 1)    | A*      | 22.25   | 75.75   | (4, 4), (5, 6)
26    | (4, 2)     | (1, -1)    | D3QN    | -24.25  | 51.50   | (4, 4), (5, 6)
27    | (3, 3)     | (-1, 1)    | A*      | 22.25   | 73.75   | (3, 4), (5, 5)
28    | (4, 2)     | (1, -1)    | D3QN    | -24.25  | 49.50   | (2, 4), (5, 5)
29    | (3, 3)     | (-1, 1)    | A*      | 22.25   | 71.75   | (1, 4), (5, 6)
30    | (4, 2)     | (1, -1)    | D3QN    | -24.25  | 47.50   | (1, 4), (5, 6)
31    | (3, 3)     | (-1, 1)    | A*      | 22.25   | 69.75   | (2, 4), (5, 5)
32    | (4, 2)     | (1, -1)    | D3QN    | -24.25  | 45.50   | (3, 4), (5, 5)
33    | (3, 3)     | (-1, 1)    | A*      | 22.25   | 67.75   | (4, 4), (5, 6)
34    | (4, 2)     | (1, -1)    | D3QN    | -24.25  | 43.50   | (4, 4), (5, 6)
35    | (3, 3)     | (-1, 1)    | A*      | 22.25   | 65.75   | (3, 4), (5, 5)
36    | (4, 2)     | (1, -1)    | D3QN    | -24.25  | 41.50   | (2, 4), (5, 5)
37    | (3, 3)     | (-1, 1)    | A*      | 22.25   | 63.75   | (1, 4), (5, 6)
38    | (4, 2)     | (1, -1)    | D3QN    | -24.25  | 39.50   | (1, 4), (5, 6)
39    | (3, 3)     | (-1, 1)    | A*      | 22.25   | 61.75   | (2, 4), (5, 5)
40    | (4, 2)     | (1, -1)    | D3QN    | -24.25  | 37.50   | (3, 4), (5, 5)
41    | (3, 3)     | (-1, 1)    | A*      | 22.25   | 59.75   | (4, 4), (5, 6)
42    | (4, 2)     | (1, -1)    | D3QN    | -24.25  | 35.50   | (4, 4), (5, 6)
43    | (3, 3)     | (-1, 1)    | A*      | 22.25   | 57.75   | (3, 4), (5, 5)
44    | (4, 2)     | (1, -1)    | D3QN    | -24.25  | 33.50   | (2, 4), (5, 5)
45    | (3, 3)     | (-1, 1)    | A*      | 22.25   | 55.75   | (1, 4), (5, 6)
46    | (4, 2)     | (1, -1)    | D3QN    | -24.25  | 31.50   | (1, 4), (5, 6)
47    | (3, 3)     | (-1, 1)    | A*      | 22.25   | 53.75   | (2, 4), (5, 5)
48    | (4, 2)     | (1, -1)    | D3QN    | -24.25  | 29.50   | (3, 4), (5, 5)
49    | (3, 3)     | (-1, 1)    | A*      | 22.25   | 51.75   | (4, 4), (5, 6)
50    | (4, 2)     | (1, -1)    | D3QN    | -24.25  | 27.50   | (4, 4), (5, 6)
51    | (3, 3)     | (-1, 1)    | A*      | 22.25   | 49.75   | (3, 4), (5, 5)
52    | (4, 2)     | (1, -1)    | D3QN    | -24.25  | 25.50   | (2, 4), (5, 5)
53    | (3, 3)     | (-1, 1)    | A*      | 22.25   | 47.75   | (1, 4), (5, 6)
54    | (4, 2)     | (1, -1)    | D3QN    | -24.25  | 23.50   | (1, 4), (5, 6)
55    | (3, 3)     | (-1, 1)    | A*      | 22.25   | 45.75   | (2, 4), (5, 5)
56    | (4, 2)     | (1, -1)    | D3QN    | -24.25  | 21.50   | (3, 4), (5, 5)
57    | (3, 3)     | (-1, 1)    | A*      | 22.25   | 43.75   | (4, 4), (5, 6)
58    | (4, 2)     | (1, -1)    | D3QN    | -24.25  | 19.50   | (4, 4), (5, 6)
59    | (3, 3)     | (-1, 1)    | A*      | 22.25   | 41.75   | (3, 4), (5, 5)
60    | (4, 2)     | (1, -1)    | D3QN    | -24.25  | 17.50   | (2, 4), (5, 5)
61    | (3, 3)     | (-1, 1)    | A*      | 22.25   | 39.75   | (1, 4), (5, 6)
62    | (4, 2)     | (1, -1)    | D3QN    | -24.25  | 15.50   | (1, 4), (5, 6)
63    | (3, 3)     | (-1, 1)    | A*      | 22.25   | 37.75   | (2, 4), (5, 5)
64    | (4, 2)     | (1, -1)    | D3QN    | -24.25  | 13.50   | (3, 4), (5, 5)
65    | (3, 3)     | (-1, 1)    | A*      | 22.25   | 35.75   | (4, 4), (5, 6)
66    | (4, 2)     | (1, -1)    | D3QN    | -24.25  | 11.50   | (4, 4), (5, 6)
67    | (3, 3)     | (-1, 1)    | A*      | 22.25   | 33.75   | (3, 4), (5, 5)
68    | (4, 2)     | (1, -1)    | D3QN    | -24.25  | 9.50    | (2, 4), (5, 5)
69    | (3, 3)     | (-1, 1)    | A*      | 22.25   | 31.75   | (1, 4), (5, 6)
70    | (4, 2)     | (1, -1)    | D3QN    | -24.25  | 7.50    | (1, 4), (5, 6)
71    | (3, 3)     | (-1, 1)    | A*      | 22.25   | 29.75   | (2, 4), (5, 5)
72    | (4, 2)     | (1, -1)    | D3QN    | -24.25  | 5.50    | (3, 4), (5, 5)
73    | (3, 3)     | (-1, 1)    | A*      | 22.25   | 27.75   | (4, 4), (5, 6)
74    | (4, 2)     | (1, -1)    | D3QN    | -24.25  | 3.50    | (4, 4), (5, 6)
75    | (3, 3)     | (-1, 1)    | A*      | 22.25   | 25.75   | (3, 4), (5, 5)
76    | (4, 2)     | (1, -1)    | D3QN    | -24.25  | 1.50    | (2, 4), (5, 5)
77    | (3, 3)     | (-1, 1)    | A*      | 22.25   | 23.75   | (1, 4), (5, 6)
78    | (4, 2)     | (1, -1)    | D3QN    | -24.25  | -0.50   | (1, 4), (5, 6)
79    | (3, 3)     | (-1, 1)    | A*      | 22.25   | 21.75   | (2, 4), (5, 5)
80    | (4, 2)     | (1, -1)    | D3QN    | -24.25  | -2.50   | (3, 4), (5, 5)
81    | (3, 3)     | (-1, 1)    | A*      | 22.25   | 19.75   | (4, 4), (5, 6)
82    | (4, 2)     | (1, -1)    | D3QN    | -24.25  | -4.50   | (4, 4), (5, 6)
83    | (3, 3)     | (-1, 1)    | A*      | 22.25   | 17.75   | (3, 4), (5, 5)
84    | (4, 2)     | (1, -1)    | D3QN    | -24.25  | -6.50   | (2, 4), (5, 5)
85    | (3, 3)     | (-1, 1)    | A*      | 22.25   | 15.75   | (1, 4), (5, 6)
86    | (4, 2)     | (1, -1)    | D3QN    | -24.25  | -8.50   | (1, 4), (5, 6)
87    | (3, 3)     | (-1, 1)    | A*      | 22.25   | 13.75   | (2, 4), (5, 5)
88    | (4, 2)     | (1, -1)    | D3QN    | -24.25  | -10.50  | (3, 4), (5, 5)
89    | (3, 3)     | (-1, 1)    | A*      | 22.25   | 11.75   | (4, 4), (5, 6)
90    | (4, 2)     | (1, -1)    | D3QN    | -24.25  | -12.50  | (4, 4), (5, 6)
91    | (3, 3)     | (-1, 1)    | A*      | 22.25   | 9.75    | (3, 4), (5, 5)
92    | (4, 2)     | (1, -1)    | D3QN    | -24.25  | -14.50  | (2, 4), (5, 5)
93    | (3, 3)     | (-1, 1)    | A*      | 22.25   | 7.75    | (1, 4), (5, 6)
94    | (4, 2)     | (1, -1)    | D3QN    | -24.25  | -16.50  | (1, 4), (5, 6)
95    | (3, 3)     | (-1, 1)    | A*      | 22.25   | 5.75    | (2, 4), (5, 5)
96    | (4, 2)     | (1, -1)    | D3QN    | -24.25  | -18.50  | (3, 4), (5, 5)
97    | (3, 3)     | (-1, 1)    | A*      | 22.25   | 3.75    | (4, 4), (5, 6)
98    | (4, 2)     | (1, -1)    | D3QN    | -24.25  | -20.50  | (4, 4), (5, 6)
99    | (3, 3)     | (-1, 1)    | A*      | 22.25   | 1.75    | (3, 4), (5, 5)
100   | (4, 2)     | (1, -1)    | D3QN    | -24.25  | -22.50  | (2, 4), (5, 5)
101   | (3, 3)     | (-1, 1)    | A*      | 22.25   | -0.25   | (1, 4), (5, 6)
102   | (4, 2)     | (1, -1)    | D3QN    | -24.25  | -24.50  | (1, 4), (5, 6)
103   | (3, 3)     | (-1, 1)    | A*      | 22.25   | -2.25   | (2, 4), (5, 5)
104   | (4, 2)     | (1, -1)    | D3QN    | -24.25  | -26.50  | (3, 4), (5, 5)
105   | (3, 3)     | (-1, 1)    | A*      | 22.25   | -4.25   | (4, 4), (5, 6)
106   | (4, 2)     | (1, -1)    | D3QN    | -24.25  | -28.50  | (4, 4), (5, 6)
107   | (3, 3)     | (-1, 1)    | A*      | 22.25   | -6.25   | (3, 4), (5, 5)
108   | (4, 2)     | (1, -1)    | D3QN    | -24.25  | -30.50  | (2, 4), (5, 5)
109   | (3, 3)     | (-1, 1)    | A*      | 22.25   | -8.25   | (1, 4), (5, 6)
110   | (4, 2)     | (1, -1)    | D3QN    | -24.25  | -32.50  | (1, 4), (5, 6)
111   | (3, 3)     | (-1, 1)    | A*      | 22.25   | -10.25  | (2, 4), (5, 5)
112   | (4, 2)     | (1, -1)    | D3QN    | -24.25  | -34.50  | (3, 4), (5, 5)
113   | (3, 3)     | (-1, 1)    | A*      | 22.25   | -12.25  | (4, 4), (5, 6)
114   | (4, 2)     | (1, -1)    | D3QN    | -24.25  | -36.50  | (4, 4), (5, 6)
115   | (3, 3)     | (-1, 1)    | A*      | 22.25   | -14.25  | (3, 4), (5, 5)
116   | (4, 2)     | (1, -1)    | D3QN    | -24.25  | -38.50  | (2, 4), (5, 5)
117   | (3, 3)     | (-1, 1)    | A*      | 22.25   | -16.25  | (1, 4), (5, 6)
118   | (4, 2)     | (1, -1)    | D3QN    | -24.25  | -40.50  | (1, 4), (5, 6)
119   | (3, 3)     | (-1, 1)    | A*      | 22.25   | -18.25  | (2, 4), (5, 5)
120   | (4, 2)     | (1, -1)    | D3QN    | -24.25  | -42.50  | (3, 4), (5, 5)
121   | (3, 3)     | (-1, 1)    | A*      | 22.25   | -20.25  | (4, 4), (5, 6)
122   | (4, 2)     | (1, -1)    | D3QN    | -24.25  | -44.50  | (4, 4), (5, 6)
123   | (3, 3)     | (-1, 1)    | A*      | 22.25   | -22.25  | (3, 4), (5, 5)
124   | (4, 2)     | (1, -1)    | D3QN    | -24.25  | -46.50  | (2, 4), (5, 5)
125   | (3, 3)     | (-1, 1)    | A*      | 22.25   | -24.25  | (1, 4), (5, 6)
126   | (4, 2)     | (1, -1)    | D3QN    | -24.25  | -48.50  | (1, 4), (5, 6)
127   | (3, 3)     | (-1, 1)    | A*      | 22.25   | -26.25  | (2, 4), (5, 5)
128   | (4, 2)     | (1, -1)    | D3QN    | -24.25  | -50.50  | (3, 4), (5, 5)
129   | (3, 3)     | (-1, 1)    | A*      | 22.25   | -28.25  | (4, 4), (5, 6)
130   | (4, 2)     | (1, -1)    | D3QN    | -24.25  | -52.50  | (4, 4), (5, 6)
131   | (3, 3)     | (-1, 1)    | A*      | 22.25   | -30.25  | (3, 4), (5, 5)
132   | (4, 2)     | (1, -1)    | D3QN    | -24.25  | -54.50  | (2, 4), (5, 5)
133   | (3, 3)     | (-1, 1)    | A*      | 22.25   | -32.25  | (1, 4), (5, 6)
134   | (4, 2)     | (1, -1)    | D3QN    | -24.25  | -56.50  | (1, 4), (5, 6)
135   | (3, 3)     | (-1, 1)    | A*      | 22.25   | -34.25  | (2, 4), (5, 5)
136   | (4, 2)     | (1, -1)    | D3QN    | -24.25  | -58.50  | (3, 4), (5, 5)
137   | (3, 3)     | (-1, 1)    | A*      | 22.25   | -36.25  | (4, 4), (5, 6)
138   | (4, 2)     | (1, -1)    | D3QN    | -24.25  | -60.50  | (4, 4), (5, 6)
139   | (3, 3)     | (-1, 1)    | A*      | 22.25   | -38.25  | (3, 4), (5, 5)
140   | (4, 2)     | (1, -1)    | D3QN    | -24.25  | -62.50  | (2, 4), (5, 5)
141   | (3, 3)     | (-1, 1)    | A*      | 22.25   | -40.25  | (1, 4), (5, 6)
142   | (4, 2)     | (1, -1)    | D3QN    | -24.25  | -64.50  | (1, 4), (5, 6)
143   | (3, 3)     | (-1, 1)    | A*      | 22.25   | -42.25  | (2, 4), (5, 5)
144   | (4, 2)     | (1, -1)    | D3QN    | -24.25  | -66.50  | (3, 4), (5, 5)
145   | (3, 3)     | (-1, 1)    | A*      | 22.25   | -44.25  | (4, 4), (5, 6)
146   | (4, 2)     | (1, -1)    | D3QN    | -24.25  | -68.50  | (4, 4), (5, 6)
147   | (3, 3)     | (-1, 1)    | A*      | 22.25   | -46.25  | (3, 4), (5, 5)
148   | (4, 2)     | (1, -1)    | D3QN    | -24.25  | -70.50  | (2, 4), (5, 5)
149   | (3, 3)     | (-1, 1)    | A*      | 22.25   | -48.25  | (1, 4), (5, 6)
150   | (4, 2)     | (1, -1)    | D3QN    | -24.25  | -72.50  | (1, 4), (5, 6)
151   | (3, 3)     | (-1, 1)    | A*      | 22.25   | -50.25  | (2, 4), (5, 5)
152   | (4, 2)     | (1, -1)    | D3QN    | -24.25  | -74.50  | (3, 4), (5, 5)
153   | (3, 3)     | (-1, 1)    | A*      | 22.25   | -52.25  | (4, 4), (5, 6)
154   | (4, 2)     | (1, -1)    | D3QN    | -24.25  | -76.50  | (4, 4), (5, 6)
155   | (3, 3)     | (-1, 1)    | A*      | 22.25   | -54.25  | (3, 4), (5, 5)
156   | (4, 2)     | (1, -1)    | D3QN    | -24.25  | -78.50  | (2, 4), (5, 5)
157   | (3, 3)     | (-1, 1)    | A*      | 22.25   | -56.25  | (1, 4), (5, 6)
158   | (4, 2)     | (1, -1)    | D3QN    | -24.25  | -80.50  | (1, 4), (5, 6)
159   | (3, 3)     | (-1, 1)    | A*      | 22.25   | -58.25  | (2, 4), (5, 5)
160   | (4, 2)     | (1, -1)    | D3QN    | -24.25  | -82.50  | (3, 4), (5, 5)
161   | (3, 3)     | (-1, 1)    | A*      | 22.25   | -60.25  | (4, 4), (5, 6)
162   | (4, 2)     | (1, -1)    | D3QN    | -24.25  | -84.50  | (4, 4), (5, 6)
163   | (3, 3)     | (-1, 1)    | A*      | 22.25   | -62.25  | (3, 4), (5, 5)
164   | (4, 2)     | (1, -1)    | D3QN    | -24.25  | -86.50  | (2, 4), (5, 5)
165   | (3, 3)     | (-1, 1)    | A*      | 22.25   | -64.25  | (1, 4), (5, 6)
166   | (4, 2)     | (1, -1)    | D3QN    | -24.25  | -88.50  | (1, 4), (5, 6)
167   | (3, 3)     | (-1, 1)    | A*      | 22.25   | -66.25  | (2, 4), (5, 5)
168   | (4, 2)     | (1, -1)    | D3QN    | -24.25  | -90.50  | (3, 4), (5, 5)
169   | (3, 3)     | (-1, 1)    | A*      | 22.25   | -68.25  | (4, 4), (5, 6)
170   | (4, 2)     | (1, -1)    | D3QN    | -24.25  | -92.50  | (4, 4), (5, 6)
171   | (3, 3)     | (-1, 1)    | A*      | 22.25   | -70.25  | (3, 4), (5, 5)
172   | (4, 2)     | (1, -1)    | D3QN    | -24.25  | -94.50  | (2, 4), (5, 5)
173   | (3, 3)     | (-1, 1)    | A*      | 22.25   | -72.25  | (1, 4), (5, 6)
174   | (4, 2)     | (1, -1)    | D3QN    | -24.25  | -96.50  | (1, 4), (5, 6)
175   | (3, 3)     | (-1, 1)    | A*      | 22.25   | -74.25  | (2, 4), (5, 5)
176   | (4, 2)     | (1, -1)    | D3QN    | -24.25  | -98.50  | (3, 4), (5, 5)
177   | (3, 3)     | (-1, 1)    | A*      | 22.25   | -76.25  | (4, 4), (5, 6)
178   | (4, 2)     | (1, -1)    | D3QN    | -24.25  | -100.50 | (4, 4), (5, 6)
179   | (3, 3)     | (-1, 1)    | A*      | 22.25   | -78.25  | (3, 4), (5, 5)
180   | (4, 2)     | (1, -1)    | D3QN    | -24.25  | -102.50 | (2, 4), (5, 5)
181   | (3, 3)     | (-1, 1)    | A*      | 22.25   | -80.25  | (1, 4), (5, 6)
182   | (4, 2)     | (1, -1)    | D3QN    | -24.25  | -104.50 | (1, 4), (5, 6)
183   | (3, 3)     | (-1, 1)    | A*      | 22.25   | -82.25  | (2, 4), (5, 5)
184   | (4, 2)     | (1, -1)    | D3QN    | -24.25  | -106.50 | (3, 4), (5, 5)
185   | (3, 3)     | (-1, 1)    | A*      | 22.25   | -84.25  | (4, 4), (5, 6)
186   | (4, 2)     | (1, -1)    | D3QN    | -24.25  | -108.50 | (4, 4), (5, 6)
187   | (3, 3)     | (-1, 1)    | A*      | 22.25   | -86.25  | (3, 4), (5, 5)
188   | (4, 2)     | (1, -1)    | D3QN    | -24.25  | -110.50 | (2, 4), (5, 5)
189   | (3, 3)     | (-1, 1)    | A*      | 22.25   | -88.25  | (1, 4), (5, 6)
190   | (4, 2)     | (1, -1)    | D3QN    | -24.25  | -112.50 | (1, 4), (5, 6)
191   | (3, 3)     | (-1, 1)    | A*      | 22.25   | -90.25  | (2, 4), (5, 5)
192   | (4, 2)     | (1, -1)    | D3QN    | -24.25  | -114.50 | (3, 4), (5, 5)
193   | (3, 3)     | (-1, 1)    | A*      | 22.25   | -92.25  | (4, 4), (5, 6)
194   | (4, 2)     | (1, -1)    | D3QN    | -24.25  | -116.50 | (4, 4), (5, 6)
195   | (3, 3)     | (-1, 1)    | A*      | 22.25   | -94.25  | (3, 4), (5, 5)
196   | (4, 2)     | (1, -1)    | D3QN    | -24.25  | -118.50 | (2, 4), (5, 5)
197   | (3, 3)     | (-1, 1)    | A*      | 22.25   | -96.25  | (1, 4), (5, 6)
198   | (4, 2)     | (1, -1)    | D3QN    | -24.25  | -120.50 | (1, 4), (5, 6)
199   | (3, 3)     | (-1, 1)    | A*      | 22.25   | -98.25  | (2, 4), (5, 5)
200   | (4, 2)     | (1, -1)    | D3QN    | -24.25  | -122.50 | (3, 4), (5, 5)
201   | (3, 3)     | (-1, 1)    | A*      | 22.25   | -100.25 | (4, 4), (5, 6)
202   | (4, 2)     | (1, -1)    | D3QN    | -24.25  | -124.50 | (4, 4), (5, 6)
203   | (3, 3)     | (-1, 1)    | A*      | 22.25   | -102.25 | (3, 4), (5, 5)
204   | (4, 2)     | (1, -1)    | D3QN    | -24.25  | -126.50 | (2, 4), (5, 5)
205   | (3, 3)     | (-1, 1)    | A*      | 22.25   | -104.25 | (1, 4), (5, 6)
206   | (4, 2)     | (1, -1)    | D3QN    | -24.25  | -128.50 | (1, 4), (5, 6)
207   | (3, 3)     | (-1, 1)    | A*      | 22.25   | -106.25 | (2, 4), (5, 5)
208   | (4, 2)     | (1, -1)    | D3QN    | -24.25  | -130.50 | (3, 4), (5, 5)
209   | (3, 3)     | (-1, 1)    | A*      | 22.25   | -108.25 | (4, 4), (5, 6)
210   | (4, 2)     | (1, -1)    | D3QN    | -24.25  | -132.50 | (4, 4), (5, 6)
211   | (3, 3)     | (-1, 1)    | A*      | 22.25   | -110.25 | (3, 4), (5, 5)
212   | (4, 2)     | (1, -1)    | D3QN    | -24.25  | -134.50 | (2, 4), (5, 5)
213   | (3, 3)     | (-1, 1)    | A*      | 22.25   | -112.25 | (1, 4), (5, 6)
214   | (4, 2)     | (1, -1)    | D3QN    | -24.25  | -136.50 | (1, 4), (5, 6)
215   | (3, 3)     | (-1, 1)    | A*      | 22.25   | -114.25 | (2, 4), (5, 5)
216   | (4, 2)     | (1, -1)    | D3QN    | -24.25  | -138.50 | (3, 4), (5, 5)
217   | (3, 3)     | (-1, 1)    | A*      | 22.25   | -116.25 | (4, 4), (5, 6)
218   | (4, 2)     | (1, -1)    | D3QN    | -24.25  | -140.50 | (4, 4), (5, 6)
219   | (3, 3)     | (-1, 1)    | A*      | 22.25   | -118.25 | (3, 4), (5, 5)
220   | (4, 2)     | (1, -1)    | D3QN    | -24.25  | -142.50 | (2, 4), (5, 5)
221   | (3, 3)     | (-1, 1)    | A*      | 22.25   | -120.25 | (1, 4), (5, 6)
222   | (4, 2)     | (1, -1)    | D3QN    | -24.25  | -144.50 | (1, 4), (5, 6)
223   | (3, 3)     | (-1, 1)    | A*      | 22.25   | -122.25 | (2, 4), (5, 5)
224   | (4, 2)     | (1, -1)    | D3QN    | -24.25  | -146.50 | (3, 4), (5, 5)
225   | (3, 3)     | (-1, 1)    | A*      | 22.25   | -124.25 | (4, 4), (5, 6)
226   | (4, 2)     | (1, -1)    | D3QN    | -24.25  | -148.50 | (4, 4), (5, 6)
227   | (3, 3)     | (-1, 1)    | A*      | 22.25   | -126.25 | (3, 4), (5, 5)
228   | (4, 2)     | (1, -1)    | D3QN    | -24.25  | -150.50 | (2, 4), (5, 5)
229   | (3, 3)     | (-1, 1)    | A*      | 22.25   | -128.25 | (1, 4), (5, 6)
230   | (4, 2)     | (1, -1)    | D3QN    | -24.25  | -152.50 | (1, 4), (5, 6)
231   | (3, 3)     | (-1, 1)    | A*      | 22.25   | -130.25 | (2, 4), (5, 5)
232   | (4, 2)     | (1, -1)    | D3QN    | -24.25  | -154.50 | (3, 4), (5, 5)
233   | (3, 3)     | (-1, 1)    | A*      | 22.25   | -132.25 | (4, 4), (5, 6)
234   | (4, 2)     | (1, -1)    | D3QN    | -24.25  | -156.50 | (4, 4), (5, 6)
235   | (3, 3)     | (-1, 1)    | A*      | 22.25   | -134.25 | (3, 4), (5, 5)
236   | (4, 2)     | (1, -1)    | D3QN    | -24.25  | -158.50 | (2, 4), (5, 5)
237   | (3, 3)     | (-1, 1)    | A*      | 22.25   | -136.25 | (1, 4), (5, 6)
238   | (4, 2)     | (1, -1)    | D3QN    | -24.25  | -160.50 | (1, 4), (5, 6)
239   | (3, 3)     | (-1, 1)    | A*      | 22.25   | -138.25 | (2, 4), (5, 5)
240   | (4, 2)     | (1, -1)    | D3QN    | -24.25  | -162.50 | (3, 4), (5, 5)
241   | (3, 3)     | (-1, 1)    | A*      | 22.25   | -140.25 | (4, 4), (5, 6)
242   | (4, 2)     | (1, -1)    | D3QN    | -24.25  | -164.50 | (4, 4), (5, 6)
243   | (3, 3)     | (-1, 1)    | A*      | 22.25   | -142.25 | (3, 4), (5, 5)
244   | (4, 2)     | (1, -1)    | D3QN    | -24.25  | -166.50 | (2, 4), (5, 5)
245   | (3, 3)     | (-1, 1)    | A*      | 22.25   | -144.25 | (1, 4), (5, 6)
246   | (4, 2)     | (1, -1)    | D3QN    | -24.25  | -168.50 | (1, 4), (5, 6)
247   | (3, 3)     | (-1, 1)    | A*      | 22.25   | -146.25 | (2, 4), (5, 5)
248   | (4, 2)     | (1, -1)    | D3QN    | -24.25  | -170.50 | (3, 4), (5, 5)
249   | (3, 3)     | (-1, 1)    | A*      | 22.25   | -148.25 | (4, 4), (5, 6)
250   | (4, 2)     | (1, -1)    | D3QN    | -24.25  | -172.50 | (4, 4), (5, 6)
251   | (3, 3)     | (-1, 1)    | A*      | 22.25   | -150.25 | (3, 4), (5, 5)
252   | (4, 2)     | (1, -1)    | D3QN    | -24.25  | -174.50 | (2, 4), (5, 5)
253   | (3, 3)     | (-1, 1)    | A*      | 22.25   | -152.25 | (1, 4), (5, 6)
254   | (4, 2)     | (1, -1)    | D3QN    | -24.25  | -176.50 | (1, 4), (5, 6)
255   | (3, 3)     | (-1, 1)    | A*      | 22.25   | -154.25 | (2, 4), (5, 5)
256   | (4, 2)     | (1, -1)    | D3QN    | -24.25  | -178.50 | (3, 4), (5, 5)
257   | (3, 3)     | (-1, 1)    | A*      | 22.25   | -156.25 | (4, 4), (5, 6)
258   | (4, 2)     | (1, -1)    | D3QN    | -24.25  | -180.50 | (4, 4), (5, 6)
259   | (3, 3)     | (-1, 1)    | A*      | 22.25   | -158.25 | (3, 4), (5, 5)
260   | (4, 2)     | (1, -1)    | D3QN    | -24.25  | -182.50 | (2, 4), (5, 5)
261   | (3, 3)     | (-1, 1)    | A*      | 22.25   | -160.25 | (1, 4), (5, 6)
262   | (4, 2)     | (1, -1)    | D3QN    | -24.25  | -184.50 | (1, 4), (5, 6)
263   | (3, 3)     | (-1, 1)    | A*      | 22.25   | -162.25 | (2, 4), (5, 5)
264   | (4, 2)     | (1, -1)    | D3QN    | -24.25  | -186.50 | (3, 4), (5, 5)
265   | (3, 3)     | (-1, 1)    | A*      | 22.25   | -164.25 | (4, 4), (5, 6)
266   | (4, 2)     | (1, -1)    | D3QN    | -24.25  | -188.50 | (4, 4), (5, 6)
267   | (3, 3)     | (-1, 1)    | A*      | 22.25   | -166.25 | (3, 4), (5, 5)
268   | (4, 2)     | (1, -1)    | D3QN    | -24.25  | -190.50 | (2, 4), (5, 5)
269   | (3, 3)     | (-1, 1)    | A*      | 22.25   | -168.25 | (1, 4), (5, 6)
270   | (4, 2)     | (1, -1)    | D3QN    | -24.25  | -192.50 | (1, 4), (5, 6)
271   | (3, 3)     | (-1, 1)    | A*      | 22.25   | -170.25 | (2, 4), (5, 5)
272   | (4, 2)     | (1, -1)    | D3QN    | -24.25  | -194.50 | (3, 4), (5, 5)
273   | (3, 3)     | (-1, 1)    | A*      | 22.25   | -172.25 | (4, 4), (5, 6)
274   | (4, 2)     | (1, -1)    | D3QN    | -24.25  | -196.50 | (4, 4), (5, 6)
275   | (3, 3)     | (-1, 1)    | A*      | 22.25   | -174.25 | (3, 4), (5, 5)
276   | (4, 2)     | (1, -1)    | D3QN    | -24.25  | -198.50 | (2, 4), (5, 5)
277   | (3, 3)     | (-1, 1)    | A*      | 22.25   | -176.25 | (1, 4), (5, 6)
278   | (4, 2)     | (1, -1)    | D3QN    | -24.25  | -200.50 | (1, 4), (5, 6)
279   | (3, 3)     | (-1, 1)    | A*      | 22.25   | -178.25 | (2, 4), (5, 5)
280   | (4, 2)     | (1, -1)    | D3QN    | -24.25  | -202.50 | (3, 4), (5, 5)
281   | (3, 3)     | (-1, 1)    | A*      | 22.25   | -180.25 | (4, 4), (5, 6)
282   | (4, 2)     | (1, -1)    | D3QN    | -24.25  | -204.50 | (4, 4), (5, 6)
283   | (3, 3)     | (-1, 1)    | A*      | 22.25   | -182.25 | (3, 4), (5, 5)
284   | (4, 2)     | (1, -1)    | D3QN    | -24.25  | -206.50 | (2, 4), (5, 5)
285   | (3, 3)     | (-1, 1)    | A*      | 22.25   | -184.25 | (1, 4), (5, 6)
286   | (4, 2)     | (1, -1)    | D3QN    | -24.25  | -208.50 | (1, 4), (5, 6)
287   | (3, 3)     | (-1, 1)    | A*      | 22.25   | -186.25 | (2, 4), (5, 5)
288   | (4, 2)     | (1, -1)    | D3QN    | -24.25  | -210.50 | (3, 4), (5, 5)
289   | (3, 3)     | (-1, 1)    | A*      | 22.25   | -188.25 | (4, 4), (5, 6)
290   | (4, 2)     | (1, -1)    | D3QN    | -24.25  | -212.50 | (4, 4), (5, 6)
291   | (3, 3)     | (-1, 1)    | A*      | 22.25   | -190.25 | (3, 4), (5, 5)
292   | (4, 2)     | (1, -1)    | D3QN    | -24.25  | -214.50 | (2, 4), (5, 5)
293   | (3, 3)     | (-1, 1)    | A*      | 22.25   | -192.25 | (1, 4), (5, 6)
294   | (4, 2)     | (1, -1)    | D3QN    | -24.25  | -216.50 | (1, 4), (5, 6)
295   | (3, 3)     | (-1, 1)    | A*      | 22.25   | -194.25 | (2, 4), (5, 5)
296   | (4, 2)     | (1, -1)    | D3QN    | -24.25  | -218.50 | (3, 4), (5, 5)
297   | (3, 3)     | (-1, 1)    | A*      | 22.25   | -196.25 | (4, 4), (5, 6)
298   | (4, 2)     | (1, -1)    | D3QN    | -24.25  | -220.50 | (4, 4), (5, 6)
299   | (3, 3)     | (-1, 1)    | A*      | 22.25   | -198.25 | (3, 4), (5, 5)
300   | (4, 2)     | (1, -1)    | D3QN    | -24.25  | -222.50 | (2, 4), (5, 5)
301   | (3, 3)     | (-1, 1)    | A*      | 22.25   | -200.25 | (1, 4), (5, 6)
302   | (4, 2)     | (1, -1)    | D3QN    | -24.25  | -224.50 | (1, 4), (5, 6)
303   | (3, 3)     | (-1, 1)    | A*      | 22.25   | -202.25 | (2, 4), (5, 5)
304   | (4, 2)     | (1, -1)    | D3QN    | -24.25  | -226.50 | (3, 4), (5, 5)
305   | (3, 3)     | (-1, 1)    | A*      | 22.25   | -204.25 | (4, 4), (5, 6)
306   | (4, 2)     | (1, -1)    | D3QN    | -24.25  | -228.50 | (4, 4), (5, 6)
307   | (3, 3)     | (-1, 1)    | A*      | 22.25   | -206.25 | (3, 4), (5, 5)
308   | (4, 2)     | (1, -1)    | D3QN    | -24.25  | -230.50 | (2, 4), (5, 5)
309   | (3, 3)     | (-1, 1)    | A*      | 22.25   | -208.25 | (1, 4), (5, 6)
310   | (4, 2)     | (1, -1)    | D3QN    | -24.25  | -232.50 | (1, 4), (5, 6)
311   | (3, 3)     | (-1, 1)    | A*      | 22.25   | -210.25 | (2, 4), (5, 5)
312   | (4, 2)     | (1, -1)    | D3QN    | -24.25  | -234.50 | (3, 4), (5, 5)
313   | (3, 3)     | (-1, 1)    | A*      | 22.25   | -212.25 | (4, 4), (5, 6)
314   | (4, 2)     | (1, -1)    | D3QN    | -24.25  | -236.50 | (4, 4), (5, 6)
315   | (3, 3)     | (-1, 1)    | A*      | 22.25   | -214.25 | (3, 4), (5, 5)
316   | (4, 2)     | (1, -1)    | D3QN    | -24.25  | -238.50 | (2, 4), (5, 5)
317   | (3, 3)     | (-1, 1)    | A*      | 22.25   | -216.25 | (1, 4), (5, 6)
318   | (4, 2)     | (1, -1)    | D3QN    | -24.25  | -240.50 | (1, 4), (5, 6)
319   | (3, 3)     | (-1, 1)    | A*      | 22.25   | -218.25 | (2, 4), (5, 5)
320   | (4, 2)     | (1, -1)    | D3QN    | -24.25  | -242.50 | (3, 4), (5, 5)
321   | (3, 3)     | (-1, 1)    | A*      | 22.25   | -220.25 | (4, 4), (5, 6)
322   | (4, 2)     | (1, -1)    | D3QN    | -24.25  | -244.50 | (4, 4), (5, 6)
323   | (3, 3)     | (-1, 1)    | A*      | 22.25   | -222.25 | (3, 4), (5, 5)
324   | (4, 2)     | (1, -1)    | D3QN    | -24.25  | -246.50 | (2, 4), (5, 5)
325   | (3, 3)     | (-1, 1)    | A*      | 22.25   | -224.25 | (1, 4), (5, 6)
326   | (4, 2)     | (1, -1)    | D3QN    | -24.25  | -248.50 | (1, 4), (5, 6)
327   | (3, 3)     | (-1, 1)    | A*      | 22.25   | -226.25 | (2, 4), (5, 5)
328   | (4, 2)     | (1, -1)    | D3QN    | -24.25  | -250.50 | (3, 4), (5, 5)
329   | (3, 3)     | (-1, 1)    | A*      | 22.25   | -228.25 | (4, 4), (5, 6)
330   | (4, 2)     | (1, -1)    | D3QN    | -24.25  | -252.50 | (4, 4), (5, 6)
331   | (3, 3)     | (-1, 1)    | A*      | 22.25   | -230.25 | (3, 4), (5, 5)
332   | (4, 2)     | (1, -1)    | D3QN    | -24.25  | -254.50 | (2, 4), (5, 5)
333   | (3, 3)     | (-1, 1)    | A*      | 22.25   | -232.25 | (1, 4), (5, 6)
334   | (4, 2)     | (1, -1)    | D3QN    | -24.25  | -256.50 | (1, 4), (5, 6)
335   | (3, 3)     | (-1, 1)    | A*      | 22.25   | -234.25 | (2, 4), (5, 5)
336   | (4, 2)     | (1, -1)    | D3QN    | -24.25  | -258.50 | (3, 4), (5, 5)
337   | (3, 3)     | (-1, 1)    | A*      | 22.25   | -236.25 | (4, 4), (5, 6)
338   | (4, 2)     | (1, -1)    | D3QN    | -24.25  | -260.50 | (4, 4), (5, 6)
339   | (3, 3)     | (-1, 1)    | A*      | 22.25   | -238.25 | (3, 4), (5, 5)
340   | (4, 2)     | (1, -1)    | D3QN    | -24.25  | -262.50 | (2, 4), (5, 5)
341   | (3, 3)     | (-1, 1)    | A*      | 22.25   | -240.25 | (1, 4), (5, 6)
342   | (4, 2)     | (1, -1)    | D3QN    | -24.25  | -264.50 | (1, 4), (5, 6)
343   | (3, 3)     | (-1, 1)    | A*      | 22.25   | -242.25 | (2, 4), (5, 5)
344   | (4, 2)     | (1, -1)    | D3QN    | -24.25  | -266.50 | (3, 4), (5, 5)
345   | (3, 3)     | (-1, 1)    | A*      | 22.25   | -244.25 | (4, 4), (5, 6)
346   | (4, 2)     | (1, -1)    | D3QN    | -24.25  | -268.50 | (4, 4), (5, 6)
347   | (3, 3)     | (-1, 1)    | A*      | 22.25   | -246.25 | (3, 4), (5, 5)
348   | (4, 2)     | (1, -1)    | D3QN    | -24.25  | -270.50 | (2, 4), (5, 5)
349   | (3, 3)     | (-1, 1)    | A*      | 22.25   | -248.25 | (1, 4), (5, 6)
350   | (4, 2)     | (1, -1)    | D3QN    | -24.25  | -272.50 | (1, 4), (5, 6)
351   | (3, 3)     | (-1, 1)    | A*      | 22.25   | -250.25 | (2, 4), (5, 5)
352   | (4, 2)     | (1, -1)    | D3QN    | -24.25  | -274.50 | (3, 4), (5, 5)
353   | (3, 3)     | (-1, 1)    | A*      | 22.25   | -252.25 | (4, 4), (5, 6)
354   | (4, 2)     | (1, -1)    | D3QN    | -24.25  | -276.50 | (4, 4), (5, 6)
355   | (3, 3)     | (-1, 1)    | A*      | 22.25   | -254.25 | (3, 4), (5, 5)
356   | (4, 2)     | (1, -1)    | D3QN    | -24.25  | -278.50 | (2, 4), (5, 5)
357   | (3, 3)     | (-1, 1)    | A*      | 22.25   | -256.25 | (1, 4), (5, 6)
358   | (4, 2)     | (1, -1)    | D3QN    | -24.25  | -280.50 | (1, 4), (5, 6)
359   | (3, 3)     | (-1, 1)    | A*      | 22.25   | -258.25 | (2, 4), (5, 5)
360   | (4, 2)     | (1, -1)    | D3QN    | -24.25  | -282.50 | (3, 4), (5, 5)
361   | (3, 3)     | (-1, 1)    | A*      | 22.25   | -260.25 | (4, 4), (5, 6)
362   | (4, 2)     | (1, -1)    | D3QN    | -24.25  | -284.50 | (4, 4), (5, 6)
363   | (3, 3)     | (-1, 1)    | A*      | 22.25   | -262.25 | (3, 4), (5, 5)
364   | (4, 2)     | (1, -1)    | D3QN    | -24.25  | -286.50 | (2, 4), (5, 5)
365   | (3, 3)     | (-1, 1)    | A*      | 22.25   | -264.25 | (1, 4), (5, 6)
366   | (4, 2)     | (1, -1)    | D3QN    | -24.25  | -288.50 | (1, 4), (5, 6)
367   | (3, 3)     | (-1, 1)    | A*      | 22.25   | -266.25 | (2, 4), (5, 5)
368   | (4, 2)     | (1, -1)    | D3QN    | -24.25  | -290.50 | (3, 4), (5, 5)
369   | (3, 3)     | (-1, 1)    | A*      | 22.25   | -268.25 | (4, 4), (5, 6)
370   | (4, 2)     | (1, -1)    | D3QN    | -24.25  | -292.50 | (4, 4), (5, 6)
371   | (3, 3)     | (-1, 1)    | A*      | 22.25   | -270.25 | (3, 4), (5, 5)
372   | (4, 2)     | (1, -1)    | D3QN    | -24.25  | -294.50 | (2, 4), (5, 5)
373   | (3, 3)     | (-1, 1)    | A*      | 22.25   | -272.25 | (1, 4), (5, 6)
374   | (4, 2)     | (1, -1)    | D3QN    | -24.25  | -296.50 | (1, 4), (5, 6)
375   | (3, 3)     | (-1, 1)    | A*      | 22.25   | -274.25 | (2, 4), (5, 5)
376   | (4, 2)     | (1, -1)    | D3QN    | -24.25  | -298.50 | (3, 4), (5, 5)
377   | (3, 3)     | (-1, 1)    | A*      | 22.25   | -276.25 | (4, 4), (5, 6)
378   | (4, 2)     | (1, -1)    | D3QN    | -24.25  | -300.50 | (4, 4), (5, 6)
379   | (3, 3)     | (-1, 1)    | A*      | 22.25   | -278.25 | (3, 4), (5, 5)
380   | (4, 2)     | (1, -1)    | D3QN    | -24.25  | -302.50 | (2, 4), (5, 5)
381   | (3, 3)     | (-1, 1)    | A*      | 22.25   | -280.25 | (1, 4), (5, 6)
382   | (4, 2)     | (1, -1)    | D3QN    | -24.25  | -304.50 | (1, 4), (5, 6)
383   | (3, 3)     | (-1, 1)    | A*      | 22.25   | -282.25 | (2, 4), (5, 5)
384   | (4, 2)     | (1, -1)    | D3QN    | -24.25  | -306.50 | (3, 4), (5, 5)
385   | (3, 3)     | (-1, 1)    | A*      | 22.25   | -284.25 | (4, 4), (5, 6)
386   | (4, 2)     | (1, -1)    | D3QN    | -24.25  | -308.50 | (4, 4), (5, 6)
387   | (3, 3)     | (-1, 1)    | A*      | 22.25   | -286.25 | (3, 4), (5, 5)
388   | (4, 2)     | (1, -1)    | D3QN    | -24.25  | -310.50 | (2, 4), (5, 5)
389   | (3, 3)     | (-1, 1)    | A*      | 22.25   | -288.25 | (1, 4), (5, 6)
390   | (4, 2)     | (1, -1)    | D3QN    | -24.25  | -312.50 | (1, 4), (5, 6)
391   | (3, 3)     | (-1, 1)    | A*      | 22.25   | -290.25 | (2, 4), (5, 5)
392   | (4, 2)     | (1, -1)    | D3QN    | -24.25  | -314.50 | (3, 4), (5, 5)
393   | (3, 3)     | (-1, 1)    | A*      | 22.25   | -292.25 | (4, 4), (5, 6)
394   | (4, 2)     | (1, -1)    | D3QN    | -24.25  | -316.50 | (4, 4), (5, 6)
395   | (3, 3)     | (-1, 1)    | A*      | 22.25   | -294.25 | (3, 4), (5, 5)
396   | (4, 2)     | (1, -1)    | D3QN    | -24.25  | -318.50 | (2, 4), (5, 5)
397   | (3, 3)     | (-1, 1)    | A*      | 22.25   | -296.25 | (1, 4), (5, 6)
398   | (4, 2)     | (1, -1)    | D3QN    | -24.25  | -320.50 | (1, 4), (5, 6)
399   | (3, 3)     | (-1, 1)    | A*      | 22.25   | -298.25 | (2, 4), (5, 5)
400   | (4, 2)     | (1, -1)    | D3QN    | -24.25  | -322.50 | (3, 4), (5, 5)
-----------------------------------------------------------------------------------------------
Final Status: FAILURE
