=== Episode: 30x30_karmasik_ep0 (D3QN) ===
Start: (3, 21) | Goal: (18, 25)
Step  | Robot      | Action     | Mode    | Reward  | Total   | Dyn Obs Positions
-----------------------------------------------------------------------------------------------
1     | (4, 22)    | (1, 1)     | A*      | 77.28   | 77.28   | (5, 12), (20, 22), (4, 11), (20, 4), (10, 25), (2, 15), (14, 28), (25, 13), (14, 16), (8, 7), (25, 16), (16, 24)
2     | (5, 23)    | (1, 1)     | A*      | 20.00   | 97.28   | (5, 13), (20, 22), (4, 11), (20, 5), (9, 25), (2, 16), (14, 28), (26, 13), (13, 16), (9, 7), (25, 17), (16, 25)
3     | (6, 23)    | (1, 0)     | A*      | 19.00   | 116.28  | (5, 13), (19, 21), (4, 10), (20, 6), (8, 25), (2, 17), (15, 28), (26, 14), (13, 16), (9, 7), (25, 17), (16, 26)
4     | (7, 23)    | (1, 0)     | A*      | 19.00   | 135.28  | (5, 12), (19, 22), (4, 9), (20, 7), (7, 25), (2, 17), (15, 28), (25, 13), (13, 17), (8, 7), (25, 16), (16, 27)
5     | (8, 23)    | (1, 0)     | A*      | 19.00   | 154.28  | (5, 11), (18, 23), (4, 8), (20, 8), (7, 25), (2, 16), (15, 28), (24, 14), (14, 18), (7, 7), (25, 15), (16, 27)
6     | (9, 23)    | (1, 0)     | A*      | 19.00   | 173.28  | (5, 10), (17, 24), (4, 7), (20, 8), (8, 25), (2, 15), (16, 27), (25, 13), (13, 19), (6, 7), (25, 14), (16, 26)
7     | (10, 23)   | (1, 0)     | D3QN    | 19.00   | 192.28  | (5, 10), (17, 24), (4, 6), (20, 7), (9, 25), (2, 14), (16, 27), (26, 12), (13, 18), (5, 7), (25, 13), (16, 25)
8     | (11, 22)   | (1, -1)    | D3QN    | 15.75   | 208.04  | (5, 11), (18, 24), (4, 5), (20, 6), (10, 25), (2, 14), (16, 26), (25, 13), (12, 19), (4, 7), (25, 13), (16, 24)
9     | (12, 23)   | (1, 1)     | A*      | 22.25   | 230.28  | (5, 12), (19, 25), (4, 4), (20, 5), (10, 25), (2, 15), (17, 27), (26, 14), (13, 19), (4, 7), (25, 14), (16, 23)
10    | (13, 23)   | (1, 0)     | A*      | 69.00   | 299.28  | (5, 13), (18, 25), (4, 3), (20, 4), (9, 25), (2, 16), (18, 26), (27, 13), (12, 19), (5, 7), (25, 15), (16, 22)
11    | (14, 23)   | (1, 0)     | A*      | 17.26   | 316.54  | (5, 13), (18, 24), (4, 2), (20, 3), (8, 25), (2, 17), (19, 26), (27, 13), (11, 20), (6, 7), (25, 16), (16, 22)
12    | (15, 23)   | (1, 0)     | D3QN    | 16.33   | 332.87  | (5, 12), (19, 23), (4, 2), (20, 2), (7, 25), (2, 17), (18, 27), (28, 12), (10, 20), (7, 7), (25, 17), (16, 23)
13    | (16, 24)   | (1, 1)     | D3QN    | -500.00 | -167.13 | (5, 11), (19, 23), (4, 3), (20, 2), (7, 25), (2, 16), (18, 27), (28, 11), (9, 19), (8, 7), (25, 17), (16, 24)
-----------------------------------------------------------------------------------------------
Final Status: FAILURE
